<?xml version="1.0"?>
<opencv_storage>
<classifications type_id="opencv-matrix">
  <rows>624</rows>
  <cols>1</cols>
  <dt>i</dt>
  <data>
    48 48 48 48 48 48 48 48 48 48 48 48 48 48 48 48 48 48 48 48 48 48 48
    48 48 48 48 48 48 48 48 48 48 48 48 48 48 48 48 48 48 48 48 48 48 48
    48 48 48 49 49 49 49 49 49 49 49 49 49 49 49 49 49 49 49 49 49 49 49
    49 49 49 49 49 49 49 49 49 49 49 49 49 49 49 49 49 49 49 49 49 49 49
    49 49 49 50 50 50 50 50 50 50 50 50 50 50 50 50 50 50 50 50 50 50 50
    50 50 50 50 50 50 50 50 50 50 50 50 50 50 50 50 51 51 51 51 51 51 51
    51 51 51 51 51 51 51 51 51 51 51 51 51 51 51 51 51 51 51 51 51 51 51
    51 51 51 51 51 51 51 51 51 51 51 51 51 51 51 51 51 51 51 51 51 51 52
    52 52 52 52 52 52 52 52 52 52 52 52 52 52 52 52 52 52 52 52 52 52 52
    52 52 52 52 52 52 52 52 52 52 52 52 52 52 52 52 52 52 52 52 52 52 52
    52 52 52 52 52 52 52 52 52 52 52 52 53 53 53 53 53 53 53 53 53 53 53
    53 53 53 53 53 53 53 53 53 53 53 53 53 53 53 53 53 53 53 53 53 53 53
    53 53 53 53 53 53 53 53 53 53 53 53 53 53 53 53 53 53 53 53 54 54 54
    54 54 54 54 54 54 54 54 54 54 54 54 54 54 54 54 54 54 54 54 54 54 54
    55 55 55 55 55 55 55 55 55 55 55 55 55 55 55 55 55 55 55 55 55 55 55
    55 55 55 55 55 55 55 56 56 56 56 56 56 56 56 56 56 56 56 56 56 56 56
    56 56 56 56 56 56 56 56 56 56 56 56 57 57 57 57 57 57 57 57 57 57 57
    57 57 57 57 57 57 57 57 57 57 57 57 57 57 57 57 57 57 57 57 57 57 57
    57 57 57 57 57 57 57 57 57 44032 44032 44032 44036 44053 44053 44144
    44144 44201 44201 44201 44204 44217 44221 44221 44221 44221 44221
    44221 44221 44221 44221 44221 44221 44221 44221 44221 44221 44256
    44256 44305 44306 44396 44396 44592 44592 44592 44592 44592 44592
    44592 44592 44592 44592 44592 44592 44592 44592 45208 45208 45224
    45224 45224 45320 45320 45320 45320 45320 45320 45320 45320 45320
    45320 45320 45320 45432 45572 45572 45572 45796 45796 45796 45824
    45824 45825 45846 45908 45908 45908 45908 45908 45908 46020 46020
    46020 46160 46160 46972 46972 46972 47084 47084 47196 47196 47196
    47336 47336 47336 47336 47336 47336 47560 47560 47560 47560 47672
    47672 47672 47672 47672 47784 47784 47924 47924 47924 47924 47924
    47924 47924 47924 47924 47924 48148 48148 48148 48260 48260 48372
    48372 48372 48372 48372 48512 48513 48513 48513 48531 49324 49328
    49328 49436 49436 49436 49436 49457 49548 49548 49548 49548 49548
    49688 50500 50612 50612 50689 50689 50724 50724 50724 50724 50724
    50864 50864 50864 50872 50872 50876 50896 50896 50977 51064 51083
    51088 51200 51200 51200 51200 51204 51204 51204 51216 51217 51228
    51250 51312 51452 51452 51452 51452 52380 52632 52645 52649 52649
    54616 54616 54616 54728 54840 54840 54840</data></classifications>
</opencv_storage>
